
1
   91    94   118   743   893  1027  1040  1764  1996  2155 2280  2407  2416  3771  4148  4369  5785  6038   6221 6222   6315  6502  7065  7145  7239  7427  7442  7849 8294  8518  8768  8792  9054  9157  9246  9490  9513  9728 10686 10869 11277 11279   
/

2
    6  1619  1863  1966  2425  2695  2698  4735  5169  5645 6776  6778  7267  7464  7674  8341  9298 10357 11171 11321 11322   
/

3
 4080  5562  5661  5860  5979  6530  6791  6792  6955  6974 7199  7304  7375  7694  8002  8550  8551  8827  8957  9288 9418  9698  9951 10039 10175 10339 10486 10755 10756 11311   
/

4
  552   982   983   994  2732  3998  5693  6119  6375  6720 6822  6916  7003  7006  7215  7319  7729  8062  8146  9821 10785 10800   
/

5
 3785  5470  6783  7565   
/

6
  308   459  3332  3791  4017  5782  6565  7747   
/

7
  313  1379  1882  2225  3538  4119  5086  5498  5904  5915 6642  6732  7324  7739  8386  8699  8904  8905  9109  9673 9825 10533 10784 10832 11209 11210 11241   
/

8
  961  1085  1325  3065  3472  3733  3835  3982  4190  4303 4350  4355  4621  5044  5367  5879  6096  6513  6602  6714 6903  6973  7107  7258  7262  8005  8348  8449  9420  9700 9797  9921 10045   
/

9
 1070  1954  3504  3523  3615  4438  4612  5044  5753  6349 6549  6974 10043 11312   
/

10
 4341  6899  8194  9953 10758   
/
