
1
 1107  2103  4368  5279  6642  7123  7326  7714  8384  8579   
/

2
  810  2286  4967  5233  9581 10463 10889 10892 10901 11022 11194 11301   
/

3
  180   505  1348  2009  2718  3084  3318  3719  4115  4365 4471  4561  4562  4643  4749  4751  4967  5687  6142  6581 6726  7011  7325  7603  8159  8418  9067  9204 10461   
/

4
  974  1059  1348  1462  2676  2854  2942  3318  3887  4365 4376  4751  4862  4969  5284  5588  6182  6282  6287  6519 6581  7010  7482  7594  7602  7928  8158  8219  8230  8591 9001  9224  9538  9826 10881   
/

5
  207  2731  4851  4978  5516  6207  8295  8381  8386  9055 9292 10234 10682 10869   
/

6
  182   443   532   788  1080  1156  1461  1964  2072  3072 3404  3514  3629  3859  3860  4087  4102  4442  4617  4618 5049  5259  5356  5756  5987  6091  6610  6705  6803  6804 7478  7488  7580  7676  7999  8129  8133  8459  8834  9429 9779  9875  9956 10497 11191 11318   
/

7
 1239  1502  4462  4569  5472  5502  6471  6480  6664  6824 7923  8150  8172  8277  9219  9859  9988 10081 10588   
/

8
  414  1894  3785  4720  5894  6736  7113  7555  7749  7808 8241  8383  9112  9835 10802   
/

9
  141   148   813  1610  2429  3059  3272  3398  3614  3688 3708  4437  4710  4725  4833  5476  5662  5856  5976  6351 6885  6974  7086  7177  7304  7571  8007  8232  8957  9289 10174 10484 10486   
/

10
 2042  2180  3595  4057  7985   
/
