
1
  776  1934  2178   
/

2
  662  1159  2667  3536  4209  5349 10046   
/

3
 9864   
/

4
   11  5030  5551  6245  6246  6777  6779  6878  7074  7464 7488  7717  7798  8223  8535  8677   
/

5
  515   516   636   811  1307  2050  2424  2679  3599  8647 8810  9070  9277  9278  9316  9403 10023 10163 10325 10614 10616 10618 10876 11030 11170   
/

6
  957  2815  3648  4100  5056  5178  7019  7794  8561  8569 9406  9806  9877  9967  9968 10033 11030   
/

7
  143   924  1455  1458  3610  8021  8214  8652  8951 10745   
/

8
   30   161   530   949  2076  3147  3162  3743  4209  4953 6452  8316 10479   
/

9
   45   144   439   442   541   676   678   808  1087  1091 1165  1195  1200  1201  1202  1497  2342  2793  3185  3191 3194  3295  3531  3761  3871  3988  4100  4488  8686  8973 9091  9314  9319  9578 10370 10776 11204 11205 11336   
/

10
 1049  3708  4183  4412  4614  4705  6138  6947  9301 11304   
/
