
1
 1239  1502  4462  4569  5472  5502  6471  6480  6664  6824 7923  8150  8172  8277  9219  9859  9988 10081 10588   
/

2
  414  1894  3785  4720  5894  6736  7113  7555  7749  7808 8241  8383  9112  9835 10802   
/

3
  141   148   813  1610  2429  3059  3272  3398  3614  3688 3708  4437  4710  4725  4833  5476  5662  5856  5976  6351 6885  6974  7086  7177  7304  7571  8007  8232  8957  9289 10174 10484 10486   
/

4
 2042  2180  3595  4057  7985   
/

5
  775   922  3484  4740   
/

6
  402  2546  4180  4419  5435  5437  5440  809 9 10162 11178   
/

7
  449   450   451   696   827   829  1354  2231  2724  3090 3209  3318  3666  3897  4471  4473  4474  4476  4561  4758 4759  5192  5292  5294  5379  5507  5588  5589  5698  5784 5903  5906  6183  6184  6187  6188  6189  6190  6288  6474 6565  6568  6569  6731  6831  6923  6924  7130  7410  7602 7740  7837  7838  7903  8034  8052  8591  8594  8595  8596 9448  9720  9721  9724  9726  9888  9889  9977  9979  9980 9982 10071 10225 10648 11344   
/

8
 3774   
/

9
  187  7014   
/

10
  154  3531  5537  5855  6966  7262  7486  8011  9774 10167   
/
