
1
 4720  5472  5583  5850  7482  7515  8230  8441   
/

2
 1116  1403  3004  3343  4143  5394  6018  8398   8636 9133  9840   
/

3
 1284  3464  5304  8782  9376  9511 10290   
/

4
 1246  1389  2742  3553  4135  4492  4875  8615  8895 10095 11213   
/

5
  914  1703  1705  1822  1932  4297  4802  5226  5535  8790 8944  9160 10456   
/

6
 2768  4584  6134  6223  7236  7863  9050 11262   
/

7
  362   363  2413  2775  4369  5070  5530  9753 11263   
/

8
  115   369   616   617  1429  1558  1571  2144  2403  2900 2908  3021  3124  3455  3570  3703  3817  3922  4154  4287 4510  5945  6499  8187  8513  9036 10120 10574 10854 10996   
/

9
 2674  5955  6029  6940  8321 10302 10589 10654   
/

10
   86  1007  1008  1124  1251  1252  1402  2113  2256  3441 5198  8783  8909  9001  9132  9221  9484  9485  9636 10271 10548 10973 10974 11246 11383   
/
