
1
  961  1085  1325  3065  3472  3733  3835  3982  4190  4303 4350  4355  4621  5044  5367  5879  6096  6513  6602  6714 6903  6973  7107  7258  7262  8005  8348  8449  9420  9700 9797  9921 10045   
/

2
 1070  1954  3504  3523  3615  4438  4612  5044  5753  6349 6549  6974 10043 11312   
/

3
 4341  6899  8194  9953 10758   
/

4
  143   643  1176  1182  1862  2801  3281  3978  4414  4453 4549  6263  7074  7102  7296  7464  7717  7913  8968  9537 11044   
/

5
  181   439   541   543   785  1205  1607  1985  2091  2213 2343  2793  3056  3876  3988  4108  5031  5267  5493  5888 6370  6884  7465  8685  9092  9197  9576 10063 10065 10512 10637 10640   
/

6
  169   427  1481  1617  1960  4442  4840  6899  7102  7196 7293  7580  8017  8019  8558  9202 10352 11044   
/

7
   47   540   668   957  1638  1640  1979  2712  2713  2793 3301  3533  4108  4449  5493  6460  8684  8687  9079  9316 9406  9424  9436  9569  9967  9968 10063 10375 10514 10763 10776 10778   
/

8
  275   782   935  1313  1321  1322  1469  1610  2194  2306 2308  2559  3183  3391  3392  3488  3860  4196  4204  4342 4610  4631  4714  4836  5470  5649  5652  6159  6341  6790 6882  6915  7076  7171  7262  7269  7284  7565  7700  7804 8118  8227  8322  8325  8329  8446  8546  8661  8813  8821 9083  9542  9555  9695  9700  9789  9795  9801 10057 10170 10190 11034 11037 11059 11187 11315   
/

9
 2819  3066  3756  5463  5646  7580  7674  9789 10319   
/

10
  450   451  2096  2724  3090  3318  3897  5294  5587  5903 6183  6187  6189  6190  6287  6386  6475  6568  7602  8156 8158  8594 10071 10648   
/
