
1
 1246  1389  2742  3553  4135  4492  4875  8615  8895 10095 11213   
/

2
  914  1703  1705  1822  1932  4297  4802  5226  5535  8790 8944  9160 10456   
/

3
 2768  4584  6134  6223  7236  7863  9050 11262   
/

4
  362   363  2413  2775  4369  5070  5530  9753 11263   
/

5
  115   369   616   617  1429  1558  1571  2144  2403  2900 2908  3021  3124  3455  3570  3703  3817  3922  4154  4287 4510  5945  6499  8187  8513  9036 10120 10574 10854 10996   
/

6
 2674  5955  6029  6940  8321 10302 10589 10654   
/

7
   86  1007  1008  1124  1251  1252  1402  2113  2256  3441 5198  8783  8909  9001  9132  9221  9484  9485  9636 10271 10548 10973 10974 11246 11383   
/

8
  213   332   598  1248  2253  2648  2744  8736 10103 10826 10828 10969   
/

9
  909  7063  8295  9758 11277   
/

10
  213   330   475   476   579   581   863  1003  1783  2254 2744  2745  2746  3228  3802  4153  4874  5917  8732  8901 9018  9363  9482 10112 10565 10566 10967 10969 11121   
/
