
1
 1060  8116  9936 11173   
/

2
 1467  2327  2445  3611  4346  4413  5650  5849  6332  6416 6783  6894  6909  7173  7340  8198  8326  8357  9931 10315 11034 11042   
/

3
  810   959  1487  1627  1977  2672  2822  3523  3641  4081 4090  4108  4622  4629  5571  6552  6803  6995  7073  7394 8251  8466  9191  9707 10213 11052   
/

4
  129   918  2685  3708  3710  4183  4412  4413  4705  5441 5722  5823  6138  6416  6422  6600  6857  6947  7647  7762 9537 10149 10457   
/

5
  784  1741  3278  5262  6449  7284  7474 10630   
/

6
  143   959  1487  2337  2465  2706  2822  3641  3754  4446 4630  5275  5367  6056  6267  6716  7394  8025  8108  8138   
/

7
  636  2565  3087  3314  3320  3425  6931   
/

8
 1107  2103  4368  5279  6642  7123  7326  7714  8384  8579   
/

9
  810  2286  4967  5233  9581 10463 10889 10892 10901 11022 11194 11301   
/

10
  180   505  1348  2009  2718  3084  3318  3719  4115  4365 4471  4561  4562  4643  4749  4751  4967  5687  6142  6581 6726  7011  7325  7603  8159  8418  9067  9204 10461   
/
