
1
  775   922  3484  4740   
/

2
  402  2546  4180  4419  5435  5437  5440  809 9 10162 11178   
/

3
  449   450   451   696   827   829  1354  2231  2724  3090 3209  3318  3666  3897  4471  4473  4474  4476  4561  4758 4759  5192  5292  5294  5379  5507  5588  5589  5698  5784 5903  5906  6183  6184  6187  6188  6189  6190  6288  6474 6565  6568  6569  6731  6831  6923  6924  7130  7410  7602 7740  7837  7838  7903  8034  8052  8591  8594  8595  8596 9448  9720  9721  9724  9726  9888  9889  9977  9979  9980 9982 10071 10225 10648 11344   
/

4
 3774   
/

5
  187  7014   
/

6
  154  3531  5537  5855  6966  7262  7486  8011  9774 10167   
/

7
 4749  7655  7656  8219   
/

8
  532  1727  2072  3284  3514  3615  3859  4087  4727  4733 5257  5567  5639  5654  6084  6086  6169  6356  6358  6705 6709  6803  6981  7100  7110  7488  7492  7813  7901  8108 8132  8251  8332   8458  8459  8467  9559  9733  9779   
/

9
  281  1337  1732  2085  2209  2458  2459  2463  3297  3398 3522  3641  3852  3984  4080  4454  4627  5045  5276  5368 5477  5743  5873  5980  6088  6273  6530  6534  6548  6549 6622  6909  6974  7073  7111  7176  7262  7374  7702  7709 7823  7908  8024  8136  8448  8563  8567  8960  9183  9423 9433  9434  9698 10192 10363 10487 10634 11037 11053   
/

10
  154   155   653  1317  1850  1852  2311  3272  3503  3523 3882  4205  4338  4424  4437  4718  4725  5480  5536  5561 5622  5660  5749  5856  5988  6079  6350  6530  6782  6794 6877  6887  6955  6974  7084  7086  7281  7290  7304  7342 7370  7375  7571  7690  7702  8124  8463  8563  9233  9697 9698  9794  9951 10043 10338 11314   
/
