
1
  654   939  1474  1475  2315  2955  3394  3970  4537  5661 5859  6974  7702  7908  8323  9087  9183  9290  9421  9423 10174 10485 10757 11185 11309   
/

2
 2275  2532  3020  3349  3455  3931  4500  4667  4993  5525 5941  6223  6227  7332  7531  7619  7769  7975  8090  8408 8508  9034  9053  9372 10019 10136 10724 10837 11126   
/

3
 3246  4101  6521  7158  7249  7594  7657  7687  8094  8219 8843  9933 11288   
/

4
 1060  8116  9936 11173   
/

5
 1467  2327  2445  3611  4346  4413  5650  5849  6332  6416 6783  6894  6909  7173  7340  8198  8326  8357  9931 10315 11034 11042   
/

6
  810   959  1487  1627  1977  2672  2822  3523  3641  4081 4090  4108  4622  4629  5571  6552  6803  6995  7073  7394 8251  8466  9191  9707 10213 11052   
/

7
  129   918  2685  3708  3710  4183  4412  4413  4705  5441 5722  5823  6138  6416  6422  6600  6857  6947  7647  7762 9537 10149 10457   
/

8
  784  1741  3278  5262  6449  7284  7474 10630   
/

9
  143   959  1487  2337  2465  2706  2822  3641  3754  4446 4630  5275  5367  6056  6267  6716  7394  8025  8108  8138   
/

10
  636  2565  3087  3314  3320  3425  6931   
/
