
1
   93   345   739  1290  2121  4150  4685  4883  5226  5709 6315  8798  9138   
/

2
   84    90   342   477   736   738   875  1004  1407  1670 1799  1908  2112  2895  3444  4161  4510  7044  7615  8757 9053 10001 10693 11127   
/

3
  893  2506  3446  3569  4796  4797  5508  5938  5939  6211 6218  6221  6228  6491  7059  7060  7426  7853  8177  8603 8621 10588 10686   
/

4
   77   478   494   577   621   757   874   905   907   995  996   997  1263  1274  1907  2013  2109  2118  2146  2153 2900  2905  3018  3116  3918  4508  5099  5326  5596  5713 5925  6302  7518  7864  8178  8621  8769  9156 10130 10138 10279 10590 10715 10716 10871 10962 11153 11154 11264 11411   
/

5
   91    94    95   483   608   736   876   879   912  1004 1262  1264  1404  1556  1695  2032  2124  2407  2505  2538 2864  3445  3446  3922  4035  4166  4395  4508  5535  5940 5943  6026  6027  6221  6403  6408  6588  6593  7426  7427 7524  7538  8083  8621  9025  9053  9054  9246  9247  9248 9249  9394  9490  9627 10281 10423 10447 10554 10578 10686 10832 11131 11388 11394 11410   
/

6
   81   473  3113  3799  4145  4497  4577  4784  4882  5313 5397  5593  5702  6303  6305  6659  7609  7847  8281 10962   
/

7
   77   471   998  1244  1395  1788  1789  1790  1794  2380 3334  3354  3437  3438  3554  4577  4784  4785  5519  5593 5702  5703  6304  6305  6306  6485  6657  6663  7608  8069 8070  8179  8396  8399  8897  9135  9908 10257 10818   
/

8
   80    88   328   329  1011  1128  1265  1395  1650  1663 1671  1796  1797  2016  2503  2628  2632  3111  3113  3351 3807  3918  4007  4028  4136  4138  4380  4881  5305  5328 5508  5594  5702  5713  5800  5907  5923  6300  6303  6305 6398  7029  7226  7518  7609  7613  7969  8165  8175  8179 8386  8396  8602  8617  8621  8741  8910  9135  9729  9907 10229 10523 10556 10835 10959 10960 10966 10980 11016 11108 11112 11235 11381   
/

9
   80    81    88   328   329   580  1011  1395  1663  1789 1794  2016  2628  2632  3111  3351  3807  3917  4028  4881 5328  5329  5594  5702  5713  5800  5923  6299  6301  6303 6304  6305  6398  6485  6663  6842  7028  7029  7224  7226 7613  7969  8078  8179  8396  8741  8929  9135  9907 10958 10959 11108 11235   
/

10
  124   914  1048  1154  1703  2534  2779  3132  3590  3825 3830  5224  5226  5335  5622  5623  5947  5948  6855  7774 7869  8517  8789  9160  9268  9754  9847  9848   
/
