
1
 3774   
/

2
  187  7014   
/

3
  154  3531  5537  5855  6966  7262  7486  8011  9774 10167   
/

4
 4749  7655  7656  8219   
/

5
  532  1727  2072  3284  3514  3615  3859  4087  4727  4733 5257  5567  5639  5654  6084  6086  6169  6356  6358  6705 6709  6803  6981  7100  7110  7488  7492  7813  7901  8108 8132  8251  8332   8458  8459  8467  9559  9733  9779   
/

6
  281  1337  1732  2085  2209  2458  2459  2463  3297  3398 3522  3641  3852  3984  4080  4454  4627  5045  5276  5368 5477  5743  5873  5980  6088  6273  6530  6534  6548  6549 6622  6909  6974  7073  7111  7176  7262  7374  7702  7709 7823  7908  8024  8136  8448  8563  8567  8960  9183  9423 9433  9434  9698 10192 10363 10487 10634 11037 11053   
/

7
  154   155   653  1317  1850  1852  2311  3272  3503  3523 3882  4205  4338  4424  4437  4718  4725  5480  5536  5561 5622  5660  5749  5856  5988  6079  6350  6530  6782  6794 6877  6887  6955  6974  7084  7086  7281  7290  7304  7342 7370  7375  7571  7690  7702  8124  8463  8563  9233  9697 9698  9794  9951 10043 10338 11314   
/

8
  260   417  1304  1829  1848  2064  3065  3276  3483  3719 3963  4331  4821  4930  5773  5849  5858  5863  6441  6520 6763  7297  7699  7705  8197  8245  8329  8435  9542  9790 10025 10625   
/

9
  648  3158  3515  3882  4087  4616  4630  5259  5267  6085  6141   6239  6815  6884  6895  7092  7158  7469 7560  7699  8241  8245  9199  9685 10319 11310   
/

10
   91    93    94   119   343   496   742  1128  1671  2876 4151  5226  9247  9481  9486  9729  9741 10835 10836 10979 10981 10983 11128   
/
