
1
  213   332   598  1248  2253  2648  2744  8736 10103 10826 10828 10969   
/

2
  909  7063  8295  9758 11277   
/

3
  213   330   475   476   579   581   863  1003  1783  2254 2744  2745  2746  3228  3802  4153  4874  5917  8732  8901 9018  9363  9482 10112 10565 10566 10967 10969 11121   
/

4
  145   399   515   516   517   773   775   923   924   951 1055  1195  1307  1597  1712  1714  2176  2180  2284  2291 2428  2679  2790  2930  2938  2939  3037  3141  3373  3375 3599  3939  3945  3953  3954  4187  4311  4313  4594  4596 4709  4811  5016  5244  5428  5436  5446  5452  6048  6049 6050  6236  7876  8098  8218  8307  8310  8424  8527  8800 8805  8810  8811  8818  9062  9070  9073  9165  9168  9270 9403  9534  9930 10021 10023 10157 10472 10614 10615 11049 11165 11168 11170 11293   
/

5
  263  1713  2423  2427  2450  2455  2933  3372  3719  3948 4062  4309  4810  5018  5137  5150  5200  5444  5633  5686 5839  5841  6045  6147  6424  6428  6514  6515  7789  8101 8422  9926  9928 10368 11024 11034   
/

6
 2450  3372  4064  4309  5832  5851  6232   
/

7
 2041  2928  2937  3595  5430  6512  7989  8099   
/

8
 3607  3716  3941  4195 10324   
/

9
  147   402  1055  1586  2546  2788  2817  3140  3143  3145 3373  3485   3599  3720  3939  3940  4054  4057  4059 4180  4311  4312  4549  4596  4709  5237  5431  5435  5733 6052  6237  6337  6614  7287  7674  7877  7988  8099  8113 8426  8436  8531  8804  8806 10473 11178 11321   
/

10
  133   667   812  1299  1487  1626  1972  2082  2084  2465 3043  3076  3188  3530  3754  3755  4103  4104  4446  5887 6550  6908  7818  7913  8025  8466  8467 10364 10365 11053 11326 11327   
/
